(kicad_pcb (version 20171130) (host pcbnew 5.1.5+dfsg1-2build2)

  (general
    (thickness 1.6)
    (drawings 0)
    (tracks 0)
    (zones 0)
    (modules 22)
    (nets 67)
  )

  (page A4)
  (layers
    (0 F.Cu signal)
    (31 B.Cu signal)
    (32 B.Adhes user)
    (33 F.Adhes user)
    (34 B.Paste user)
    (35 F.Paste user)
    (36 B.SilkS user)
    (37 F.SilkS user)
    (38 B.Mask user)
    (39 F.Mask user)
    (40 Dwgs.User user)
    (41 Cmts.User user)
    (42 Eco1.User user)
    (43 Eco2.User user)
    (44 Edge.Cuts user)
    (45 Margin user)
    (46 B.CrtYd user)
    (47 F.CrtYd user)
    (48 B.Fab user)
    (49 F.Fab user)
  )

  (setup
    (last_trace_width 0.25)
    (trace_clearance 0.2)
    (zone_clearance 0.508)
    (zone_45_only no)
    (trace_min 0.2)
    (via_size 0.8)
    (via_drill 0.4)
    (via_min_size 0.4)
    (via_min_drill 0.3)
    (uvia_size 0.3)
    (uvia_drill 0.1)
    (uvias_allowed no)
    (uvia_min_size 0.2)
    (uvia_min_drill 0.1)
    (edge_width 0.05)
    (segment_width 0.2)
    (pcb_text_width 0.3)
    (pcb_text_size 1.5 1.5)
    (mod_edge_width 0.12)
    (mod_text_size 1 1)
    (mod_text_width 0.15)
    (pad_size 1.524 1.524)
    (pad_drill 0.762)
    (pad_to_mask_clearance 0)
    (aux_axis_origin 0 0)
    (visible_elements FFFFFF7F)
    (pcbplotparams
      (layerselection 0x010fc_ffffffff)
      (usegerberextensions false)
      (usegerberattributes true)
      (usegerberadvancedattributes true)
      (creategerberjobfile true)
      (excludeedgelayer true)
      (linewidth 0.100000)
      (plotframeref false)
      (viasonmask false)
      (mode 1)
      (useauxorigin false)
      (hpglpennumber 1)
      (hpglpenspeed 20)
      (hpglpendiameter 15.000000)
      (psnegative false)
      (psa4output false)
      (plotreference true)
      (plotvalue true)
      (plotinvisibletext false)
      (padsonsilk false)
      (subtractmaskfromsilk false)
      (outputformat 1)
      (mirror false)
      (drillshape 1)
      (scaleselection 1)
      (outputdirectory ""))
  )

  (net 0 "")
  (net 1 "Net-(A1-Pad32)")
  (net 2 "Net-(A1-Pad31)")
  (net 3 "Net-(A1-Pad1)")
  (net 4 "Net-(A1-Pad17)")
  (net 5 "Net-(A1-Pad2)")
  (net 6 "Net-(A1-Pad18)")
  (net 7 "Net-(A1-Pad3)")
  (net 8 "Net-(A1-Pad19)")
  (net 9 "Net-(A1-Pad4)")
  (net 10 "Net-(A1-Pad20)")
  (net 11 "Net-(A1-Pad5)")
  (net 12 "Net-(A1-Pad21)")
  (net 13 "Net-(A1-Pad6)")
  (net 14 "Net-(A1-Pad22)")
  (net 15 "Net-(A1-Pad7)")
  (net 16 "Net-(A1-Pad23)")
  (net 17 "Net-(A1-Pad8)")
  (net 18 "Net-(A1-Pad24)")
  (net 19 "Net-(A1-Pad9)")
  (net 20 "Net-(A1-Pad25)")
  (net 21 "Net-(A1-Pad10)")
  (net 22 "Net-(A1-Pad26)")
  (net 23 "Net-(A1-Pad11)")
  (net 24 "Net-(A1-Pad27)")
  (net 25 "Net-(A1-Pad12)")
  (net 26 "Net-(A1-Pad28)")
  (net 27 "Net-(A1-Pad13)")
  (net 28 "Net-(A1-Pad29)")
  (net 29 "Net-(A1-Pad14)")
  (net 30 "Net-(A1-Pad30)")
  (net 31 "Net-(A1-Pad15)")
  (net 32 "Net-(A1-Pad16)")
  (net 33 "Net-(D1-Pad2)")
  (net 34 GND)
  (net 35 "Net-(C1-Pad1)")
  (net 36 "Net-(D3-Pad2)")
  (net 37 /VCC_5V)
  (net 38 /L1_IS)
  (net 39 /L2_IS)
  (net 40 /L3_IS)
  (net 41 "Net-(C11-Pad1)")
  (net 42 "Net-(R8-Pad2)")
  (net 43 "Net-(R8-Pad1)")
  (net 44 /L1_IN)
  (net 45 "Net-(R9-Pad1)")
  (net 46 "Net-(C12-Pad1)")
  (net 47 "Net-(R11-Pad1)")
  (net 48 "Net-(R11-Pad2)")
  (net 49 "Net-(R12-Pad1)")
  (net 50 /L2_IN)
  (net 51 "Net-(C13-Pad1)")
  (net 52 "Net-(R14-Pad1)")
  (net 53 "Net-(R14-Pad2)")
  (net 54 "Net-(R15-Pad1)")
  (net 55 /L3_IN)
  (net 56 /Pull_Up_Ard_B)
  (net 57 /Pull_Up_Ard_A)
  (net 58 "Net-(C4-Pad1)")
  (net 59 "Net-(C4-Pad2)")
  (net 60 "Net-(C15-Pad2)")
  (net 61 /L1_Motor)
  (net 62 /VCC_Filtered)
  (net 63 "Net-(C17-Pad2)")
  (net 64 /L2_Motor)
  (net 65 /L3_Motor)
  (net 66 "Net-(C19-Pad2)")

  (net_class Default "This is the default net class."
    (clearance 0.2)
    (trace_width 0.25)
    (via_dia 0.8)
    (via_drill 0.4)
    (uvia_dia 0.3)
    (uvia_drill 0.1)
    (add_net /L1_IN)
    (add_net /L1_IS)
    (add_net /L1_Motor)
    (add_net /L2_IN)
    (add_net /L2_IS)
    (add_net /L2_Motor)
    (add_net /L3_IN)
    (add_net /L3_IS)
    (add_net /L3_Motor)
    (add_net /Pull_Up_Ard_A)
    (add_net /Pull_Up_Ard_B)
    (add_net /VCC_5V)
    (add_net /VCC_Filtered)
    (add_net GND)
    (add_net "Net-(A1-Pad1)")
    (add_net "Net-(A1-Pad10)")
    (add_net "Net-(A1-Pad11)")
    (add_net "Net-(A1-Pad12)")
    (add_net "Net-(A1-Pad13)")
    (add_net "Net-(A1-Pad14)")
    (add_net "Net-(A1-Pad15)")
    (add_net "Net-(A1-Pad16)")
    (add_net "Net-(A1-Pad17)")
    (add_net "Net-(A1-Pad18)")
    (add_net "Net-(A1-Pad19)")
    (add_net "Net-(A1-Pad2)")
    (add_net "Net-(A1-Pad20)")
    (add_net "Net-(A1-Pad21)")
    (add_net "Net-(A1-Pad22)")
    (add_net "Net-(A1-Pad23)")
    (add_net "Net-(A1-Pad24)")
    (add_net "Net-(A1-Pad25)")
    (add_net "Net-(A1-Pad26)")
    (add_net "Net-(A1-Pad27)")
    (add_net "Net-(A1-Pad28)")
    (add_net "Net-(A1-Pad29)")
    (add_net "Net-(A1-Pad3)")
    (add_net "Net-(A1-Pad30)")
    (add_net "Net-(A1-Pad31)")
    (add_net "Net-(A1-Pad32)")
    (add_net "Net-(A1-Pad4)")
    (add_net "Net-(A1-Pad5)")
    (add_net "Net-(A1-Pad6)")
    (add_net "Net-(A1-Pad7)")
    (add_net "Net-(A1-Pad8)")
    (add_net "Net-(A1-Pad9)")
    (add_net "Net-(C1-Pad1)")
    (add_net "Net-(C11-Pad1)")
    (add_net "Net-(C12-Pad1)")
    (add_net "Net-(C13-Pad1)")
    (add_net "Net-(C15-Pad2)")
    (add_net "Net-(C17-Pad2)")
    (add_net "Net-(C19-Pad2)")
    (add_net "Net-(C4-Pad1)")
    (add_net "Net-(C4-Pad2)")
    (add_net "Net-(D1-Pad2)")
    (add_net "Net-(D3-Pad2)")
    (add_net "Net-(R11-Pad1)")
    (add_net "Net-(R11-Pad2)")
    (add_net "Net-(R12-Pad1)")
    (add_net "Net-(R14-Pad1)")
    (add_net "Net-(R14-Pad2)")
    (add_net "Net-(R15-Pad1)")
    (add_net "Net-(R8-Pad1)")
    (add_net "Net-(R8-Pad2)")
    (add_net "Net-(R9-Pad1)")
  )

  (module Module:Arduino_UNO_R3 (layer F.Cu) (tedit 58AB60FC) (tstamp 6173460D)
    (at 78.74 20.32)
    (descr "Arduino UNO R3, http://www.mouser.com/pdfdocs/Gravitech_Arduino_Nano3_0.pdf")
    (tags "Arduino UNO R3")
    (path /6171E136)
    (fp_text reference A1 (at 1.27 -3.81 180) (layer F.SilkS)
      (effects (font (size 1 1) (thickness 0.15)))
    )
    (fp_text value Arduino_UNO_R3 (at 0 22.86) (layer F.Fab)
      (effects (font (size 1 1) (thickness 0.15)))
    )
    (fp_line (start -27.94 -2.54) (end 38.1 -2.54) (layer F.Fab) (width 0.1))
    (fp_line (start -27.94 50.8) (end -27.94 -2.54) (layer F.Fab) (width 0.1))
    (fp_line (start 36.58 50.8) (end -27.94 50.8) (layer F.Fab) (width 0.1))
    (fp_line (start 38.1 49.28) (end 36.58 50.8) (layer F.Fab) (width 0.1))
    (fp_line (start 38.1 0) (end 40.64 2.54) (layer F.Fab) (width 0.1))
    (fp_line (start 38.1 -2.54) (end 38.1 0) (layer F.Fab) (width 0.1))
    (fp_line (start 40.64 35.31) (end 38.1 37.85) (layer F.Fab) (width 0.1))
    (fp_line (start 40.64 2.54) (end 40.64 35.31) (layer F.Fab) (width 0.1))
    (fp_line (start 38.1 37.85) (end 38.1 49.28) (layer F.Fab) (width 0.1))
    (fp_line (start -29.84 9.53) (end -29.84 0.64) (layer F.Fab) (width 0.1))
    (fp_line (start -16.51 9.53) (end -29.84 9.53) (layer F.Fab) (width 0.1))
    (fp_line (start -16.51 0.64) (end -16.51 9.53) (layer F.Fab) (width 0.1))
    (fp_line (start -29.84 0.64) (end -16.51 0.64) (layer F.Fab) (width 0.1))
    (fp_line (start -34.29 41.27) (end -34.29 29.84) (layer F.Fab) (width 0.1))
    (fp_line (start -18.41 41.27) (end -34.29 41.27) (layer F.Fab) (width 0.1))
    (fp_line (start -18.41 29.84) (end -18.41 41.27) (layer F.Fab) (width 0.1))
    (fp_line (start -34.29 29.84) (end -18.41 29.84) (layer F.Fab) (width 0.1))
    (fp_line (start 38.23 37.85) (end 40.77 35.31) (layer F.SilkS) (width 0.12))
    (fp_line (start 38.23 49.28) (end 38.23 37.85) (layer F.SilkS) (width 0.12))
    (fp_line (start 36.58 50.93) (end 38.23 49.28) (layer F.SilkS) (width 0.12))
    (fp_line (start -28.07 50.93) (end 36.58 50.93) (layer F.SilkS) (width 0.12))
    (fp_line (start -28.07 41.4) (end -28.07 50.93) (layer F.SilkS) (width 0.12))
    (fp_line (start -34.42 41.4) (end -28.07 41.4) (layer F.SilkS) (width 0.12))
    (fp_line (start -34.42 29.72) (end -34.42 41.4) (layer F.SilkS) (width 0.12))
    (fp_line (start -28.07 29.72) (end -34.42 29.72) (layer F.SilkS) (width 0.12))
    (fp_line (start -28.07 9.65) (end -28.07 29.72) (layer F.SilkS) (width 0.12))
    (fp_line (start -29.97 9.65) (end -28.07 9.65) (layer F.SilkS) (width 0.12))
    (fp_line (start -29.97 0.51) (end -29.97 9.65) (layer F.SilkS) (width 0.12))
    (fp_line (start -28.07 0.51) (end -29.97 0.51) (layer F.SilkS) (width 0.12))
    (fp_line (start -28.07 -2.67) (end -28.07 0.51) (layer F.SilkS) (width 0.12))
    (fp_line (start 38.23 -2.67) (end -28.07 -2.67) (layer F.SilkS) (width 0.12))
    (fp_line (start 38.23 0) (end 38.23 -2.67) (layer F.SilkS) (width 0.12))
    (fp_line (start 40.77 2.54) (end 38.23 0) (layer F.SilkS) (width 0.12))
    (fp_line (start 40.77 35.31) (end 40.77 2.54) (layer F.SilkS) (width 0.12))
    (fp_line (start -28.19 -2.79) (end 38.35 -2.79) (layer F.CrtYd) (width 0.05))
    (fp_line (start -28.19 0.38) (end -28.19 -2.79) (layer F.CrtYd) (width 0.05))
    (fp_line (start -30.1 0.38) (end -28.19 0.38) (layer F.CrtYd) (width 0.05))
    (fp_line (start -30.1 9.78) (end -30.1 0.38) (layer F.CrtYd) (width 0.05))
    (fp_line (start -28.19 9.78) (end -30.1 9.78) (layer F.CrtYd) (width 0.05))
    (fp_line (start -28.19 29.59) (end -28.19 9.78) (layer F.CrtYd) (width 0.05))
    (fp_line (start -34.54 29.59) (end -28.19 29.59) (layer F.CrtYd) (width 0.05))
    (fp_line (start -34.54 41.53) (end -34.54 29.59) (layer F.CrtYd) (width 0.05))
    (fp_line (start -28.19 41.53) (end -34.54 41.53) (layer F.CrtYd) (width 0.05))
    (fp_line (start -28.19 51.05) (end -28.19 41.53) (layer F.CrtYd) (width 0.05))
    (fp_line (start 36.58 51.05) (end -28.19 51.05) (layer F.CrtYd) (width 0.05))
    (fp_line (start 38.35 49.28) (end 36.58 51.05) (layer F.CrtYd) (width 0.05))
    (fp_line (start 38.35 37.85) (end 38.35 49.28) (layer F.CrtYd) (width 0.05))
    (fp_line (start 40.89 35.31) (end 38.35 37.85) (layer F.CrtYd) (width 0.05))
    (fp_line (start 40.89 2.54) (end 40.89 35.31) (layer F.CrtYd) (width 0.05))
    (fp_line (start 38.35 0) (end 40.89 2.54) (layer F.CrtYd) (width 0.05))
    (fp_line (start 38.35 -2.79) (end 38.35 0) (layer F.CrtYd) (width 0.05))
    (fp_text user %R (at 0 20.32 180) (layer F.Fab)
      (effects (font (size 1 1) (thickness 0.15)))
    )
    (pad 32 thru_hole oval (at -9.14 48.26 90) (size 1.6 1.6) (drill 1) (layers *.Cu *.Mask)
      (net 1 "Net-(A1-Pad32)"))
    (pad 31 thru_hole oval (at -6.6 48.26 90) (size 1.6 1.6) (drill 1) (layers *.Cu *.Mask)
      (net 2 "Net-(A1-Pad31)"))
    (pad 1 thru_hole rect (at 0 0 90) (size 1.6 1.6) (drill 1) (layers *.Cu *.Mask)
      (net 3 "Net-(A1-Pad1)"))
    (pad 17 thru_hole oval (at 30.48 48.26 90) (size 1.6 1.6) (drill 1) (layers *.Cu *.Mask)
      (net 4 "Net-(A1-Pad17)"))
    (pad 2 thru_hole oval (at 2.54 0 90) (size 1.6 1.6) (drill 1) (layers *.Cu *.Mask)
      (net 5 "Net-(A1-Pad2)"))
    (pad 18 thru_hole oval (at 27.94 48.26 90) (size 1.6 1.6) (drill 1) (layers *.Cu *.Mask)
      (net 6 "Net-(A1-Pad18)"))
    (pad 3 thru_hole oval (at 5.08 0 90) (size 1.6 1.6) (drill 1) (layers *.Cu *.Mask)
      (net 7 "Net-(A1-Pad3)"))
    (pad 19 thru_hole oval (at 25.4 48.26 90) (size 1.6 1.6) (drill 1) (layers *.Cu *.Mask)
      (net 8 "Net-(A1-Pad19)"))
    (pad 4 thru_hole oval (at 7.62 0 90) (size 1.6 1.6) (drill 1) (layers *.Cu *.Mask)
      (net 9 "Net-(A1-Pad4)"))
    (pad 20 thru_hole oval (at 22.86 48.26 90) (size 1.6 1.6) (drill 1) (layers *.Cu *.Mask)
      (net 10 "Net-(A1-Pad20)"))
    (pad 5 thru_hole oval (at 10.16 0 90) (size 1.6 1.6) (drill 1) (layers *.Cu *.Mask)
      (net 11 "Net-(A1-Pad5)"))
    (pad 21 thru_hole oval (at 20.32 48.26 90) (size 1.6 1.6) (drill 1) (layers *.Cu *.Mask)
      (net 12 "Net-(A1-Pad21)"))
    (pad 6 thru_hole oval (at 12.7 0 90) (size 1.6 1.6) (drill 1) (layers *.Cu *.Mask)
      (net 13 "Net-(A1-Pad6)"))
    (pad 22 thru_hole oval (at 17.78 48.26 90) (size 1.6 1.6) (drill 1) (layers *.Cu *.Mask)
      (net 14 "Net-(A1-Pad22)"))
    (pad 7 thru_hole oval (at 15.24 0 90) (size 1.6 1.6) (drill 1) (layers *.Cu *.Mask)
      (net 15 "Net-(A1-Pad7)"))
    (pad 23 thru_hole oval (at 13.72 48.26 90) (size 1.6 1.6) (drill 1) (layers *.Cu *.Mask)
      (net 16 "Net-(A1-Pad23)"))
    (pad 8 thru_hole oval (at 17.78 0 90) (size 1.6 1.6) (drill 1) (layers *.Cu *.Mask)
      (net 17 "Net-(A1-Pad8)"))
    (pad 24 thru_hole oval (at 11.18 48.26 90) (size 1.6 1.6) (drill 1) (layers *.Cu *.Mask)
      (net 18 "Net-(A1-Pad24)"))
    (pad 9 thru_hole oval (at 22.86 0 90) (size 1.6 1.6) (drill 1) (layers *.Cu *.Mask)
      (net 19 "Net-(A1-Pad9)"))
    (pad 25 thru_hole oval (at 8.64 48.26 90) (size 1.6 1.6) (drill 1) (layers *.Cu *.Mask)
      (net 20 "Net-(A1-Pad25)"))
    (pad 10 thru_hole oval (at 25.4 0 90) (size 1.6 1.6) (drill 1) (layers *.Cu *.Mask)
      (net 21 "Net-(A1-Pad10)"))
    (pad 26 thru_hole oval (at 6.1 48.26 90) (size 1.6 1.6) (drill 1) (layers *.Cu *.Mask)
      (net 22 "Net-(A1-Pad26)"))
    (pad 11 thru_hole oval (at 27.94 0 90) (size 1.6 1.6) (drill 1) (layers *.Cu *.Mask)
      (net 23 "Net-(A1-Pad11)"))
    (pad 27 thru_hole oval (at 3.56 48.26 90) (size 1.6 1.6) (drill 1) (layers *.Cu *.Mask)
      (net 24 "Net-(A1-Pad27)"))
    (pad 12 thru_hole oval (at 30.48 0 90) (size 1.6 1.6) (drill 1) (layers *.Cu *.Mask)
      (net 25 "Net-(A1-Pad12)"))
    (pad 28 thru_hole oval (at 1.02 48.26 90) (size 1.6 1.6) (drill 1) (layers *.Cu *.Mask)
      (net 26 "Net-(A1-Pad28)"))
    (pad 13 thru_hole oval (at 33.02 0 90) (size 1.6 1.6) (drill 1) (layers *.Cu *.Mask)
      (net 27 "Net-(A1-Pad13)"))
    (pad 29 thru_hole oval (at -1.52 48.26 90) (size 1.6 1.6) (drill 1) (layers *.Cu *.Mask)
      (net 28 "Net-(A1-Pad29)"))
    (pad 14 thru_hole oval (at 35.56 0 90) (size 1.6 1.6) (drill 1) (layers *.Cu *.Mask)
      (net 29 "Net-(A1-Pad14)"))
    (pad 30 thru_hole oval (at -4.06 48.26 90) (size 1.6 1.6) (drill 1) (layers *.Cu *.Mask)
      (net 30 "Net-(A1-Pad30)"))
    (pad 15 thru_hole oval (at 35.56 48.26 90) (size 1.6 1.6) (drill 1) (layers *.Cu *.Mask)
      (net 31 "Net-(A1-Pad15)"))
    (pad 16 thru_hole oval (at 33.02 48.26 90) (size 1.6 1.6) (drill 1) (layers *.Cu *.Mask)
      (net 32 "Net-(A1-Pad16)"))
    (model ${KISYS3DMOD}/Module.3dshapes/Arduino_UNO_R3.wrl
      (at (xyz 0 0 0))
      (scale (xyz 1 1 1))
      (rotate (xyz 0 0 0))
    )
  )

  (module Package_TO_SOT_SMD:TO-263-2_TabPin1 (layer F.Cu) (tedit 5A70FB7B) (tstamp 61734631)
    (at 126.165 93.98)
    (descr "TO-263 / D2PAK / DDPAK SMD package, tab to pin 1, https://www.wolfspeed.com/media/downloads/137/C3D06060G.pdf")
    (tags "D2PAK DDPAK TO-263 D2PAK-3 TO-263-3 SOT-404 diode")
    (path /6179A1BC)
    (attr smd)
    (fp_text reference Q1 (at 0 -6.65) (layer F.SilkS)
      (effects (font (size 1 1) (thickness 0.15)))
    )
    (fp_text value IRF4905 (at 0 6.65) (layer F.Fab)
      (effects (font (size 1 1) (thickness 0.15)))
    )
    (fp_line (start 8.32 -5.65) (end -8.32 -5.65) (layer F.CrtYd) (width 0.05))
    (fp_line (start 8.32 5.65) (end 8.32 -5.65) (layer F.CrtYd) (width 0.05))
    (fp_line (start -8.32 5.65) (end 8.32 5.65) (layer F.CrtYd) (width 0.05))
    (fp_line (start -8.32 -5.65) (end -8.32 5.65) (layer F.CrtYd) (width 0.05))
    (fp_line (start -2.95 3.39) (end -4.05 3.39) (layer F.SilkS) (width 0.12))
    (fp_line (start -2.95 5.2) (end -2.95 3.39) (layer F.SilkS) (width 0.12))
    (fp_line (start -1.45 5.2) (end -2.95 5.2) (layer F.SilkS) (width 0.12))
    (fp_line (start -2.95 -3.39) (end -8.075 -3.39) (layer F.SilkS) (width 0.12))
    (fp_line (start -2.95 -5.2) (end -2.95 -3.39) (layer F.SilkS) (width 0.12))
    (fp_line (start -1.45 -5.2) (end -2.95 -5.2) (layer F.SilkS) (width 0.12))
    (fp_line (start -7.45 3.04) (end -2.75 3.04) (layer F.Fab) (width 0.1))
    (fp_line (start -7.45 2.04) (end -7.45 3.04) (layer F.Fab) (width 0.1))
    (fp_line (start -2.75 2.04) (end -7.45 2.04) (layer F.Fab) (width 0.1))
    (fp_line (start -7.45 -2.04) (end -2.75 -2.04) (layer F.Fab) (width 0.1))
    (fp_line (start -7.45 -3.04) (end -7.45 -2.04) (layer F.Fab) (width 0.1))
    (fp_line (start -2.75 -3.04) (end -7.45 -3.04) (layer F.Fab) (width 0.1))
    (fp_line (start -1.75 -5) (end 6.5 -5) (layer F.Fab) (width 0.1))
    (fp_line (start -2.75 -4) (end -1.75 -5) (layer F.Fab) (width 0.1))
    (fp_line (start -2.75 5) (end -2.75 -4) (layer F.Fab) (width 0.1))
    (fp_line (start 6.5 5) (end -2.75 5) (layer F.Fab) (width 0.1))
    (fp_line (start 6.5 -5) (end 6.5 5) (layer F.Fab) (width 0.1))
    (fp_line (start 7.5 5) (end 6.5 5) (layer F.Fab) (width 0.1))
    (fp_line (start 7.5 -5) (end 7.5 5) (layer F.Fab) (width 0.1))
    (fp_line (start 6.5 -5) (end 7.5 -5) (layer F.Fab) (width 0.1))
    (fp_text user %R (at 0 0) (layer F.Fab)
      (effects (font (size 1 1) (thickness 0.15)))
    )
    (pad 1 smd rect (at -5.775 -2.54) (size 4.6 1.1) (layers F.Cu F.Paste F.Mask)
      (net 33 "Net-(D1-Pad2)"))
    (pad 2 smd rect (at -5.775 2.54) (size 4.6 1.1) (layers F.Cu F.Paste F.Mask)
      (net 34 GND))
    (pad 1 smd rect (at 3.375 0) (size 9.4 10.8) (layers F.Cu F.Mask)
      (net 33 "Net-(D1-Pad2)"))
    (pad "" smd rect (at 5.8 2.775) (size 4.55 5.25) (layers F.Paste))
    (pad "" smd rect (at 0.95 -2.775) (size 4.55 5.25) (layers F.Paste))
    (pad "" smd rect (at 5.8 -2.775) (size 4.55 5.25) (layers F.Paste))
    (pad "" smd rect (at 0.95 2.775) (size 4.55 5.25) (layers F.Paste))
    (model ${KISYS3DMOD}/Package_TO_SOT_SMD.3dshapes/TO-263-2.wrl
      (at (xyz 0 0 0))
      (scale (xyz 1 1 1))
      (rotate (xyz 0 0 0))
    )
  )

  (module Resistor_SMD:R_1206_3216Metric_Pad1.30x1.75mm_HandSolder (layer F.Cu) (tedit 5F68FEEE) (tstamp 61735834)
    (at 138.15 95.25)
    (descr "Resistor SMD 1206 (3216 Metric), square (rectangular) end terminal, IPC_7351 nominal with elongated pad for handsoldering. (Body size source: IPC-SM-782 page 72, https://www.pcb-3d.com/wordpress/wp-content/uploads/ipc-sm-782a_amendment_1_and_2.pdf), generated with kicad-footprint-generator")
    (tags "resistor handsolder")
    (path /6179B4C9)
    (attr smd)
    (fp_text reference R1 (at 0 -1.82) (layer F.SilkS)
      (effects (font (size 1 1) (thickness 0.15)))
    )
    (fp_text value 1k (at 0 1.82) (layer F.Fab)
      (effects (font (size 1 1) (thickness 0.15)))
    )
    (fp_line (start 2.45 1.12) (end -2.45 1.12) (layer F.CrtYd) (width 0.05))
    (fp_line (start 2.45 -1.12) (end 2.45 1.12) (layer F.CrtYd) (width 0.05))
    (fp_line (start -2.45 -1.12) (end 2.45 -1.12) (layer F.CrtYd) (width 0.05))
    (fp_line (start -2.45 1.12) (end -2.45 -1.12) (layer F.CrtYd) (width 0.05))
    (fp_line (start -0.727064 0.91) (end 0.727064 0.91) (layer F.SilkS) (width 0.12))
    (fp_line (start -0.727064 -0.91) (end 0.727064 -0.91) (layer F.SilkS) (width 0.12))
    (fp_line (start 1.6 0.8) (end -1.6 0.8) (layer F.Fab) (width 0.1))
    (fp_line (start 1.6 -0.8) (end 1.6 0.8) (layer F.Fab) (width 0.1))
    (fp_line (start -1.6 -0.8) (end 1.6 -0.8) (layer F.Fab) (width 0.1))
    (fp_line (start -1.6 0.8) (end -1.6 -0.8) (layer F.Fab) (width 0.1))
    (fp_text user %R (at 0 0) (layer F.Fab)
      (effects (font (size 0.8 0.8) (thickness 0.12)))
    )
    (pad 1 smd roundrect (at -1.55 0) (size 1.3 1.75) (layers F.Cu F.Paste F.Mask) (roundrect_rratio 0.192308)
      (net 33 "Net-(D1-Pad2)"))
    (pad 2 smd roundrect (at 1.55 0) (size 1.3 1.75) (layers F.Cu F.Paste F.Mask) (roundrect_rratio 0.192308)
      (net 34 GND))
    (model ${KISYS3DMOD}/Resistor_SMD.3dshapes/R_1206_3216Metric.wrl
      (at (xyz 0 0 0))
      (scale (xyz 1 1 1))
      (rotate (xyz 0 0 0))
    )
  )

  (module Resistor_SMD:R_1206_3216Metric_Pad1.30x1.75mm_HandSolder (layer F.Cu) (tedit 5F68FEEE) (tstamp 61758CE5)
    (at 111.76 91.44)
    (descr "Resistor SMD 1206 (3216 Metric), square (rectangular) end terminal, IPC_7351 nominal with elongated pad for handsoldering. (Body size source: IPC-SM-782 page 72, https://www.pcb-3d.com/wordpress/wp-content/uploads/ipc-sm-782a_amendment_1_and_2.pdf), generated with kicad-footprint-generator")
    (tags "resistor handsolder")
    (path /6179F1AA)
    (attr smd)
    (fp_text reference R2 (at 0 -1.82) (layer F.SilkS)
      (effects (font (size 1 1) (thickness 0.15)))
    )
    (fp_text value 1M (at 0 1.82) (layer F.Fab)
      (effects (font (size 1 1) (thickness 0.15)))
    )
    (fp_text user %R (at 0 0) (layer F.Fab)
      (effects (font (size 0.8 0.8) (thickness 0.12)))
    )
    (fp_line (start -1.6 0.8) (end -1.6 -0.8) (layer F.Fab) (width 0.1))
    (fp_line (start -1.6 -0.8) (end 1.6 -0.8) (layer F.Fab) (width 0.1))
    (fp_line (start 1.6 -0.8) (end 1.6 0.8) (layer F.Fab) (width 0.1))
    (fp_line (start 1.6 0.8) (end -1.6 0.8) (layer F.Fab) (width 0.1))
    (fp_line (start -0.727064 -0.91) (end 0.727064 -0.91) (layer F.SilkS) (width 0.12))
    (fp_line (start -0.727064 0.91) (end 0.727064 0.91) (layer F.SilkS) (width 0.12))
    (fp_line (start -2.45 1.12) (end -2.45 -1.12) (layer F.CrtYd) (width 0.05))
    (fp_line (start -2.45 -1.12) (end 2.45 -1.12) (layer F.CrtYd) (width 0.05))
    (fp_line (start 2.45 -1.12) (end 2.45 1.12) (layer F.CrtYd) (width 0.05))
    (fp_line (start 2.45 1.12) (end -2.45 1.12) (layer F.CrtYd) (width 0.05))
    (pad 2 smd roundrect (at 1.55 0) (size 1.3 1.75) (layers F.Cu F.Paste F.Mask) (roundrect_rratio 0.192308)
      (net 33 "Net-(D1-Pad2)"))
    (pad 1 smd roundrect (at -1.55 0) (size 1.3 1.75) (layers F.Cu F.Paste F.Mask) (roundrect_rratio 0.192308)
      (net 35 "Net-(C1-Pad1)"))
    (model ${KISYS3DMOD}/Resistor_SMD.3dshapes/R_1206_3216Metric.wrl
      (at (xyz 0 0 0))
      (scale (xyz 1 1 1))
      (rotate (xyz 0 0 0))
    )
  )

  (module Resistor_SMD:R_1206_3216Metric_Pad1.30x1.75mm_HandSolder (layer F.Cu) (tedit 5F68FEEE) (tstamp 61758D59)
    (at 52.35 80.01)
    (descr "Resistor SMD 1206 (3216 Metric), square (rectangular) end terminal, IPC_7351 nominal with elongated pad for handsoldering. (Body size source: IPC-SM-782 page 72, https://www.pcb-3d.com/wordpress/wp-content/uploads/ipc-sm-782a_amendment_1_and_2.pdf), generated with kicad-footprint-generator")
    (tags "resistor handsolder")
    (path /6179B76C)
    (attr smd)
    (fp_text reference R3 (at 0 -1.82) (layer F.SilkS)
      (effects (font (size 1 1) (thickness 0.15)))
    )
    (fp_text value 2k (at 0 1.82) (layer F.Fab)
      (effects (font (size 1 1) (thickness 0.15)))
    )
    (fp_text user %R (at 0 0) (layer F.Fab)
      (effects (font (size 0.8 0.8) (thickness 0.12)))
    )
    (fp_line (start -1.6 0.8) (end -1.6 -0.8) (layer F.Fab) (width 0.1))
    (fp_line (start -1.6 -0.8) (end 1.6 -0.8) (layer F.Fab) (width 0.1))
    (fp_line (start 1.6 -0.8) (end 1.6 0.8) (layer F.Fab) (width 0.1))
    (fp_line (start 1.6 0.8) (end -1.6 0.8) (layer F.Fab) (width 0.1))
    (fp_line (start -0.727064 -0.91) (end 0.727064 -0.91) (layer F.SilkS) (width 0.12))
    (fp_line (start -0.727064 0.91) (end 0.727064 0.91) (layer F.SilkS) (width 0.12))
    (fp_line (start -2.45 1.12) (end -2.45 -1.12) (layer F.CrtYd) (width 0.05))
    (fp_line (start -2.45 -1.12) (end 2.45 -1.12) (layer F.CrtYd) (width 0.05))
    (fp_line (start 2.45 -1.12) (end 2.45 1.12) (layer F.CrtYd) (width 0.05))
    (fp_line (start 2.45 1.12) (end -2.45 1.12) (layer F.CrtYd) (width 0.05))
    (pad 2 smd roundrect (at 1.55 0) (size 1.3 1.75) (layers F.Cu F.Paste F.Mask) (roundrect_rratio 0.192308)
      (net 36 "Net-(D3-Pad2)"))
    (pad 1 smd roundrect (at -1.55 0) (size 1.3 1.75) (layers F.Cu F.Paste F.Mask) (roundrect_rratio 0.192308)
      (net 37 /VCC_5V))
    (model ${KISYS3DMOD}/Resistor_SMD.3dshapes/R_1206_3216Metric.wrl
      (at (xyz 0 0 0))
      (scale (xyz 1 1 1))
      (rotate (xyz 0 0 0))
    )
  )

  (module Resistor_SMD:R_1206_3216Metric_Pad1.30x1.75mm_HandSolder (layer F.Cu) (tedit 5F68FEEE) (tstamp 61734675)
    (at 183.87 74.93)
    (descr "Resistor SMD 1206 (3216 Metric), square (rectangular) end terminal, IPC_7351 nominal with elongated pad for handsoldering. (Body size source: IPC-SM-782 page 72, https://www.pcb-3d.com/wordpress/wp-content/uploads/ipc-sm-782a_amendment_1_and_2.pdf), generated with kicad-footprint-generator")
    (tags "resistor handsolder")
    (path /61775F17)
    (attr smd)
    (fp_text reference R4 (at 0 -1.82) (layer F.SilkS)
      (effects (font (size 1 1) (thickness 0.15)))
    )
    (fp_text value 1k (at 0 1.82) (layer F.Fab)
      (effects (font (size 1 1) (thickness 0.15)))
    )
    (fp_text user %R (at 0 0) (layer F.Fab)
      (effects (font (size 0.8 0.8) (thickness 0.12)))
    )
    (fp_line (start -1.6 0.8) (end -1.6 -0.8) (layer F.Fab) (width 0.1))
    (fp_line (start -1.6 -0.8) (end 1.6 -0.8) (layer F.Fab) (width 0.1))
    (fp_line (start 1.6 -0.8) (end 1.6 0.8) (layer F.Fab) (width 0.1))
    (fp_line (start 1.6 0.8) (end -1.6 0.8) (layer F.Fab) (width 0.1))
    (fp_line (start -0.727064 -0.91) (end 0.727064 -0.91) (layer F.SilkS) (width 0.12))
    (fp_line (start -0.727064 0.91) (end 0.727064 0.91) (layer F.SilkS) (width 0.12))
    (fp_line (start -2.45 1.12) (end -2.45 -1.12) (layer F.CrtYd) (width 0.05))
    (fp_line (start -2.45 -1.12) (end 2.45 -1.12) (layer F.CrtYd) (width 0.05))
    (fp_line (start 2.45 -1.12) (end 2.45 1.12) (layer F.CrtYd) (width 0.05))
    (fp_line (start 2.45 1.12) (end -2.45 1.12) (layer F.CrtYd) (width 0.05))
    (pad 2 smd roundrect (at 1.55 0) (size 1.3 1.75) (layers F.Cu F.Paste F.Mask) (roundrect_rratio 0.192308)
      (net 38 /L1_IS))
    (pad 1 smd roundrect (at -1.55 0) (size 1.3 1.75) (layers F.Cu F.Paste F.Mask) (roundrect_rratio 0.192308)
      (net 34 GND))
    (model ${KISYS3DMOD}/Resistor_SMD.3dshapes/R_1206_3216Metric.wrl
      (at (xyz 0 0 0))
      (scale (xyz 1 1 1))
      (rotate (xyz 0 0 0))
    )
  )

  (module Resistor_SMD:R_1206_3216Metric_Pad1.30x1.75mm_HandSolder (layer F.Cu) (tedit 5F68FEEE) (tstamp 61734686)
    (at 184.15 25.4)
    (descr "Resistor SMD 1206 (3216 Metric), square (rectangular) end terminal, IPC_7351 nominal with elongated pad for handsoldering. (Body size source: IPC-SM-782 page 72, https://www.pcb-3d.com/wordpress/wp-content/uploads/ipc-sm-782a_amendment_1_and_2.pdf), generated with kicad-footprint-generator")
    (tags "resistor handsolder")
    (path /61786B9F)
    (attr smd)
    (fp_text reference R5 (at 0 -1.82) (layer F.SilkS)
      (effects (font (size 1 1) (thickness 0.15)))
    )
    (fp_text value 1k (at 0 1.82) (layer F.Fab)
      (effects (font (size 1 1) (thickness 0.15)))
    )
    (fp_line (start 2.45 1.12) (end -2.45 1.12) (layer F.CrtYd) (width 0.05))
    (fp_line (start 2.45 -1.12) (end 2.45 1.12) (layer F.CrtYd) (width 0.05))
    (fp_line (start -2.45 -1.12) (end 2.45 -1.12) (layer F.CrtYd) (width 0.05))
    (fp_line (start -2.45 1.12) (end -2.45 -1.12) (layer F.CrtYd) (width 0.05))
    (fp_line (start -0.727064 0.91) (end 0.727064 0.91) (layer F.SilkS) (width 0.12))
    (fp_line (start -0.727064 -0.91) (end 0.727064 -0.91) (layer F.SilkS) (width 0.12))
    (fp_line (start 1.6 0.8) (end -1.6 0.8) (layer F.Fab) (width 0.1))
    (fp_line (start 1.6 -0.8) (end 1.6 0.8) (layer F.Fab) (width 0.1))
    (fp_line (start -1.6 -0.8) (end 1.6 -0.8) (layer F.Fab) (width 0.1))
    (fp_line (start -1.6 0.8) (end -1.6 -0.8) (layer F.Fab) (width 0.1))
    (fp_text user %R (at 0 0) (layer F.Fab)
      (effects (font (size 0.8 0.8) (thickness 0.12)))
    )
    (pad 1 smd roundrect (at -1.55 0) (size 1.3 1.75) (layers F.Cu F.Paste F.Mask) (roundrect_rratio 0.192308)
      (net 34 GND))
    (pad 2 smd roundrect (at 1.55 0) (size 1.3 1.75) (layers F.Cu F.Paste F.Mask) (roundrect_rratio 0.192308)
      (net 39 /L2_IS))
    (model ${KISYS3DMOD}/Resistor_SMD.3dshapes/R_1206_3216Metric.wrl
      (at (xyz 0 0 0))
      (scale (xyz 1 1 1))
      (rotate (xyz 0 0 0))
    )
  )

  (module Resistor_SMD:R_1206_3216Metric_Pad1.30x1.75mm_HandSolder (layer F.Cu) (tedit 5F68FEEE) (tstamp 61734697)
    (at 186.97 50.8 180)
    (descr "Resistor SMD 1206 (3216 Metric), square (rectangular) end terminal, IPC_7351 nominal with elongated pad for handsoldering. (Body size source: IPC-SM-782 page 72, https://www.pcb-3d.com/wordpress/wp-content/uploads/ipc-sm-782a_amendment_1_and_2.pdf), generated with kicad-footprint-generator")
    (tags "resistor handsolder")
    (path /617A502A)
    (attr smd)
    (fp_text reference R6 (at 0 -1.82) (layer F.SilkS)
      (effects (font (size 1 1) (thickness 0.15)))
    )
    (fp_text value 1k (at 0 1.82) (layer F.Fab)
      (effects (font (size 1 1) (thickness 0.15)))
    )
    (fp_line (start 2.45 1.12) (end -2.45 1.12) (layer F.CrtYd) (width 0.05))
    (fp_line (start 2.45 -1.12) (end 2.45 1.12) (layer F.CrtYd) (width 0.05))
    (fp_line (start -2.45 -1.12) (end 2.45 -1.12) (layer F.CrtYd) (width 0.05))
    (fp_line (start -2.45 1.12) (end -2.45 -1.12) (layer F.CrtYd) (width 0.05))
    (fp_line (start -0.727064 0.91) (end 0.727064 0.91) (layer F.SilkS) (width 0.12))
    (fp_line (start -0.727064 -0.91) (end 0.727064 -0.91) (layer F.SilkS) (width 0.12))
    (fp_line (start 1.6 0.8) (end -1.6 0.8) (layer F.Fab) (width 0.1))
    (fp_line (start 1.6 -0.8) (end 1.6 0.8) (layer F.Fab) (width 0.1))
    (fp_line (start -1.6 -0.8) (end 1.6 -0.8) (layer F.Fab) (width 0.1))
    (fp_line (start -1.6 0.8) (end -1.6 -0.8) (layer F.Fab) (width 0.1))
    (fp_text user %R (at 0 0) (layer F.Fab)
      (effects (font (size 0.8 0.8) (thickness 0.12)))
    )
    (pad 1 smd roundrect (at -1.55 0 180) (size 1.3 1.75) (layers F.Cu F.Paste F.Mask) (roundrect_rratio 0.192308)
      (net 34 GND))
    (pad 2 smd roundrect (at 1.55 0 180) (size 1.3 1.75) (layers F.Cu F.Paste F.Mask) (roundrect_rratio 0.192308)
      (net 40 /L3_IS))
    (model ${KISYS3DMOD}/Resistor_SMD.3dshapes/R_1206_3216Metric.wrl
      (at (xyz 0 0 0))
      (scale (xyz 1 1 1))
      (rotate (xyz 0 0 0))
    )
  )

  (module Resistor_SMD:R_1206_3216Metric_Pad1.30x1.75mm_HandSolder (layer F.Cu) (tedit 5F68FEEE) (tstamp 617346A8)
    (at 185.14 68.58)
    (descr "Resistor SMD 1206 (3216 Metric), square (rectangular) end terminal, IPC_7351 nominal with elongated pad for handsoldering. (Body size source: IPC-SM-782 page 72, https://www.pcb-3d.com/wordpress/wp-content/uploads/ipc-sm-782a_amendment_1_and_2.pdf), generated with kicad-footprint-generator")
    (tags "resistor handsolder")
    (path /61775AA2)
    (attr smd)
    (fp_text reference R7 (at 0 -1.82) (layer F.SilkS)
      (effects (font (size 1 1) (thickness 0.15)))
    )
    (fp_text value 0.51k (at 0 1.82) (layer F.Fab)
      (effects (font (size 1 1) (thickness 0.15)))
    )
    (fp_line (start 2.45 1.12) (end -2.45 1.12) (layer F.CrtYd) (width 0.05))
    (fp_line (start 2.45 -1.12) (end 2.45 1.12) (layer F.CrtYd) (width 0.05))
    (fp_line (start -2.45 -1.12) (end 2.45 -1.12) (layer F.CrtYd) (width 0.05))
    (fp_line (start -2.45 1.12) (end -2.45 -1.12) (layer F.CrtYd) (width 0.05))
    (fp_line (start -0.727064 0.91) (end 0.727064 0.91) (layer F.SilkS) (width 0.12))
    (fp_line (start -0.727064 -0.91) (end 0.727064 -0.91) (layer F.SilkS) (width 0.12))
    (fp_line (start 1.6 0.8) (end -1.6 0.8) (layer F.Fab) (width 0.1))
    (fp_line (start 1.6 -0.8) (end 1.6 0.8) (layer F.Fab) (width 0.1))
    (fp_line (start -1.6 -0.8) (end 1.6 -0.8) (layer F.Fab) (width 0.1))
    (fp_line (start -1.6 0.8) (end -1.6 -0.8) (layer F.Fab) (width 0.1))
    (fp_text user %R (at 0 0) (layer F.Fab)
      (effects (font (size 0.8 0.8) (thickness 0.12)))
    )
    (pad 1 smd roundrect (at -1.55 0) (size 1.3 1.75) (layers F.Cu F.Paste F.Mask) (roundrect_rratio 0.192308)
      (net 34 GND))
    (pad 2 smd roundrect (at 1.55 0) (size 1.3 1.75) (layers F.Cu F.Paste F.Mask) (roundrect_rratio 0.192308)
      (net 41 "Net-(C11-Pad1)"))
    (model ${KISYS3DMOD}/Resistor_SMD.3dshapes/R_1206_3216Metric.wrl
      (at (xyz 0 0 0))
      (scale (xyz 1 1 1))
      (rotate (xyz 0 0 0))
    )
  )

  (module Resistor_SMD:R_1206_3216Metric_Pad1.30x1.75mm_HandSolder (layer F.Cu) (tedit 5F68FEEE) (tstamp 617346B9)
    (at 184.43 64.77 180)
    (descr "Resistor SMD 1206 (3216 Metric), square (rectangular) end terminal, IPC_7351 nominal with elongated pad for handsoldering. (Body size source: IPC-SM-782 page 72, https://www.pcb-3d.com/wordpress/wp-content/uploads/ipc-sm-782a_amendment_1_and_2.pdf), generated with kicad-footprint-generator")
    (tags "resistor handsolder")
    (path /61773DE9)
    (attr smd)
    (fp_text reference R8 (at 0 -1.82) (layer F.SilkS)
      (effects (font (size 1 1) (thickness 0.15)))
    )
    (fp_text value 10k (at 0 1.82) (layer F.Fab)
      (effects (font (size 1 1) (thickness 0.15)))
    )
    (fp_text user %R (at 0 0) (layer F.Fab)
      (effects (font (size 0.8 0.8) (thickness 0.12)))
    )
    (fp_line (start -1.6 0.8) (end -1.6 -0.8) (layer F.Fab) (width 0.1))
    (fp_line (start -1.6 -0.8) (end 1.6 -0.8) (layer F.Fab) (width 0.1))
    (fp_line (start 1.6 -0.8) (end 1.6 0.8) (layer F.Fab) (width 0.1))
    (fp_line (start 1.6 0.8) (end -1.6 0.8) (layer F.Fab) (width 0.1))
    (fp_line (start -0.727064 -0.91) (end 0.727064 -0.91) (layer F.SilkS) (width 0.12))
    (fp_line (start -0.727064 0.91) (end 0.727064 0.91) (layer F.SilkS) (width 0.12))
    (fp_line (start -2.45 1.12) (end -2.45 -1.12) (layer F.CrtYd) (width 0.05))
    (fp_line (start -2.45 -1.12) (end 2.45 -1.12) (layer F.CrtYd) (width 0.05))
    (fp_line (start 2.45 -1.12) (end 2.45 1.12) (layer F.CrtYd) (width 0.05))
    (fp_line (start 2.45 1.12) (end -2.45 1.12) (layer F.CrtYd) (width 0.05))
    (pad 2 smd roundrect (at 1.55 0 180) (size 1.3 1.75) (layers F.Cu F.Paste F.Mask) (roundrect_rratio 0.192308)
      (net 42 "Net-(R8-Pad2)"))
    (pad 1 smd roundrect (at -1.55 0 180) (size 1.3 1.75) (layers F.Cu F.Paste F.Mask) (roundrect_rratio 0.192308)
      (net 43 "Net-(R8-Pad1)"))
    (model ${KISYS3DMOD}/Resistor_SMD.3dshapes/R_1206_3216Metric.wrl
      (at (xyz 0 0 0))
      (scale (xyz 1 1 1))
      (rotate (xyz 0 0 0))
    )
  )

  (module Resistor_SMD:R_1206_3216Metric_Pad1.30x1.75mm_HandSolder (layer F.Cu) (tedit 5F68FEEE) (tstamp 617346CA)
    (at 183.87 60.96 180)
    (descr "Resistor SMD 1206 (3216 Metric), square (rectangular) end terminal, IPC_7351 nominal with elongated pad for handsoldering. (Body size source: IPC-SM-782 page 72, https://www.pcb-3d.com/wordpress/wp-content/uploads/ipc-sm-782a_amendment_1_and_2.pdf), generated with kicad-footprint-generator")
    (tags "resistor handsolder")
    (path /6177DFDF)
    (attr smd)
    (fp_text reference R9 (at 0 -1.82) (layer F.SilkS)
      (effects (font (size 1 1) (thickness 0.15)))
    )
    (fp_text value 10k (at 0 1.82) (layer F.Fab)
      (effects (font (size 1 1) (thickness 0.15)))
    )
    (fp_text user %R (at 0 0) (layer F.Fab)
      (effects (font (size 0.8 0.8) (thickness 0.12)))
    )
    (fp_line (start -1.6 0.8) (end -1.6 -0.8) (layer F.Fab) (width 0.1))
    (fp_line (start -1.6 -0.8) (end 1.6 -0.8) (layer F.Fab) (width 0.1))
    (fp_line (start 1.6 -0.8) (end 1.6 0.8) (layer F.Fab) (width 0.1))
    (fp_line (start 1.6 0.8) (end -1.6 0.8) (layer F.Fab) (width 0.1))
    (fp_line (start -0.727064 -0.91) (end 0.727064 -0.91) (layer F.SilkS) (width 0.12))
    (fp_line (start -0.727064 0.91) (end 0.727064 0.91) (layer F.SilkS) (width 0.12))
    (fp_line (start -2.45 1.12) (end -2.45 -1.12) (layer F.CrtYd) (width 0.05))
    (fp_line (start -2.45 -1.12) (end 2.45 -1.12) (layer F.CrtYd) (width 0.05))
    (fp_line (start 2.45 -1.12) (end 2.45 1.12) (layer F.CrtYd) (width 0.05))
    (fp_line (start 2.45 1.12) (end -2.45 1.12) (layer F.CrtYd) (width 0.05))
    (pad 2 smd roundrect (at 1.55 0 180) (size 1.3 1.75) (layers F.Cu F.Paste F.Mask) (roundrect_rratio 0.192308)
      (net 44 /L1_IN))
    (pad 1 smd roundrect (at -1.55 0 180) (size 1.3 1.75) (layers F.Cu F.Paste F.Mask) (roundrect_rratio 0.192308)
      (net 45 "Net-(R9-Pad1)"))
    (model ${KISYS3DMOD}/Resistor_SMD.3dshapes/R_1206_3216Metric.wrl
      (at (xyz 0 0 0))
      (scale (xyz 1 1 1))
      (rotate (xyz 0 0 0))
    )
  )

  (module Resistor_SMD:R_1206_3216Metric_Pad1.30x1.75mm_HandSolder (layer F.Cu) (tedit 5F68FEEE) (tstamp 617346DB)
    (at 173.99 27.94)
    (descr "Resistor SMD 1206 (3216 Metric), square (rectangular) end terminal, IPC_7351 nominal with elongated pad for handsoldering. (Body size source: IPC-SM-782 page 72, https://www.pcb-3d.com/wordpress/wp-content/uploads/ipc-sm-782a_amendment_1_and_2.pdf), generated with kicad-footprint-generator")
    (tags "resistor handsolder")
    (path /61786B99)
    (attr smd)
    (fp_text reference R10 (at 0 -1.82) (layer F.SilkS)
      (effects (font (size 1 1) (thickness 0.15)))
    )
    (fp_text value 0.51k (at 0 1.82) (layer F.Fab)
      (effects (font (size 1 1) (thickness 0.15)))
    )
    (fp_text user %R (at 0 0) (layer F.Fab)
      (effects (font (size 0.8 0.8) (thickness 0.12)))
    )
    (fp_line (start -1.6 0.8) (end -1.6 -0.8) (layer F.Fab) (width 0.1))
    (fp_line (start -1.6 -0.8) (end 1.6 -0.8) (layer F.Fab) (width 0.1))
    (fp_line (start 1.6 -0.8) (end 1.6 0.8) (layer F.Fab) (width 0.1))
    (fp_line (start 1.6 0.8) (end -1.6 0.8) (layer F.Fab) (width 0.1))
    (fp_line (start -0.727064 -0.91) (end 0.727064 -0.91) (layer F.SilkS) (width 0.12))
    (fp_line (start -0.727064 0.91) (end 0.727064 0.91) (layer F.SilkS) (width 0.12))
    (fp_line (start -2.45 1.12) (end -2.45 -1.12) (layer F.CrtYd) (width 0.05))
    (fp_line (start -2.45 -1.12) (end 2.45 -1.12) (layer F.CrtYd) (width 0.05))
    (fp_line (start 2.45 -1.12) (end 2.45 1.12) (layer F.CrtYd) (width 0.05))
    (fp_line (start 2.45 1.12) (end -2.45 1.12) (layer F.CrtYd) (width 0.05))
    (pad 2 smd roundrect (at 1.55 0) (size 1.3 1.75) (layers F.Cu F.Paste F.Mask) (roundrect_rratio 0.192308)
      (net 46 "Net-(C12-Pad1)"))
    (pad 1 smd roundrect (at -1.55 0) (size 1.3 1.75) (layers F.Cu F.Paste F.Mask) (roundrect_rratio 0.192308)
      (net 34 GND))
    (model ${KISYS3DMOD}/Resistor_SMD.3dshapes/R_1206_3216Metric.wrl
      (at (xyz 0 0 0))
      (scale (xyz 1 1 1))
      (rotate (xyz 0 0 0))
    )
  )

  (module Resistor_SMD:R_1206_3216Metric_Pad1.30x1.75mm_HandSolder (layer F.Cu) (tedit 5F68FEEE) (tstamp 617346EC)
    (at 166.65 24.13)
    (descr "Resistor SMD 1206 (3216 Metric), square (rectangular) end terminal, IPC_7351 nominal with elongated pad for handsoldering. (Body size source: IPC-SM-782 page 72, https://www.pcb-3d.com/wordpress/wp-content/uploads/ipc-sm-782a_amendment_1_and_2.pdf), generated with kicad-footprint-generator")
    (tags "resistor handsolder")
    (path /61786B93)
    (attr smd)
    (fp_text reference R11 (at 0 -1.82) (layer F.SilkS)
      (effects (font (size 1 1) (thickness 0.15)))
    )
    (fp_text value 10k (at 0 1.82) (layer F.Fab)
      (effects (font (size 1 1) (thickness 0.15)))
    )
    (fp_line (start 2.45 1.12) (end -2.45 1.12) (layer F.CrtYd) (width 0.05))
    (fp_line (start 2.45 -1.12) (end 2.45 1.12) (layer F.CrtYd) (width 0.05))
    (fp_line (start -2.45 -1.12) (end 2.45 -1.12) (layer F.CrtYd) (width 0.05))
    (fp_line (start -2.45 1.12) (end -2.45 -1.12) (layer F.CrtYd) (width 0.05))
    (fp_line (start -0.727064 0.91) (end 0.727064 0.91) (layer F.SilkS) (width 0.12))
    (fp_line (start -0.727064 -0.91) (end 0.727064 -0.91) (layer F.SilkS) (width 0.12))
    (fp_line (start 1.6 0.8) (end -1.6 0.8) (layer F.Fab) (width 0.1))
    (fp_line (start 1.6 -0.8) (end 1.6 0.8) (layer F.Fab) (width 0.1))
    (fp_line (start -1.6 -0.8) (end 1.6 -0.8) (layer F.Fab) (width 0.1))
    (fp_line (start -1.6 0.8) (end -1.6 -0.8) (layer F.Fab) (width 0.1))
    (fp_text user %R (at 0 0) (layer F.Fab)
      (effects (font (size 0.8 0.8) (thickness 0.12)))
    )
    (pad 1 smd roundrect (at -1.55 0) (size 1.3 1.75) (layers F.Cu F.Paste F.Mask) (roundrect_rratio 0.192308)
